Interval: 0 1

Breaks:
0	0.111111111111111	0.222222222222222	0.333333333333333	0.444444444444444	0.555555555555556	0.666666666666667	0.777777777777778	0.888888888888889	1

Coefs:
-0.352267634899450	-0.00565953774059036	1.12873059995001	0
-0.352267634899522	-0.123082082707070	1.11442597545583	0.124861419919597
-0.293681246018898	-0.240504627673593	1.07402745208020	0.246683776068649
-0.226323141542300	-0.338398376346556	1.00970489607796	0.362648111766063
-0.146622955257266	-0.413839423527318	0.926122918314196	0.470349329946658
-0.0645836684245936	-0.462713741946409	0.828728122150449	0.567941618858107
0.00744231941488093	-0.484241631421275	0.723510858442929	0.654221413848840
0.0838121048933672	-0.481760858282984	0.616177248475789	0.728643426428402
0.0838121048934030	-0.453823489985196	0.512223432001547	0.791274868824678


Interval: 1 1e6

Breaks:
1	2.06913808111479	4.28133239871939	8.85866790410083	18.3298071083244	37.9269019073225	78.4759970351461	162.377673918872	335.981828628378	695.192796177561	1438.44988828766	2976.35144163132	6158.48211066026	12742.7498570313	26366.5089873036	54555.9478116851	112883.789168469	233572.146909012	483293.023857175	1000000

Coefs:
0.00954136148105598	-0.0848962604080128	0.223777254621685	0.842700792949715
0.00954136148105599	-0.0542931616927766	0.0749645429653709	0.996568731919825
-0.000771255081240037	0.00902887525903392	-0.0251688542737819	0.999999998593364
6.44847770543731e-05	-0.00156200454216366	0.00900951817264123	1
-5.39158378832033e-06	0.000270228357942199	-0.00322507388882096	1
4.50791288647362e-07	-4.67497779071668e-05	0.00115445702967105	1
-3.76907405873130e-08	8.08775863130135e-06	-0.000413252867779768	1
3.15132958820536e-09	-1.39919038349389e-06	0.000147929224162524	1
-2.63483232717039e-10	2.42061344620453e-07	-5.29531845209218e-05	1
2.20298803961231e-11	-4.18768562513690e-08	1.89552792344748e-05	1
-1.84192225279414e-12	7.24473827689843e-09	-6.78528806484424e-06	1
1.54003446532076e-13	-1.25334700423262e-09	2.42888188007813e-06	1
-1.28762507444704e-14	2.16830266805008e-10	-8.69449819052096e-07	1
1.07657878798177e-15	-3.75117806080020e-11	3.11231105942940e-07	1
-9.00036990604667e-17	6.48936966867010e-12	-1.11410748334842e-07	1
7.51274126735981e-18	-1.12209163722912e-12	3.98898073859107e-08	1
-6.11286513972135e-19	1.92514305162256e-13	-1.43304317677476e-08	1
2.83533211495037e-20	-2.88111912784604e-14	5.42662820390078e-09	1
2.83533211495037e-20	-7.56994261291950e-15	-3.65850045582315e-09	1
