Interval: 1e-07 1

Breaks:
1.00000000000000e-07    1.44543977074593e-07    2.08929613085404e-07    3.01995172040202e-07    4.36515832240166e-07    6.30957344480193e-07    9.12010839355910e-07    1.31825673855641e-06    1.90546071796325e-06    2.75422870333816e-06    3.98107170553497e-06    5.75439937337157e-06    8.31763771102671e-06    1.20226443461741e-05    1.73780082874938e-05    2.51188643150958e-05    3.63078054770102e-05    5.24807460249773e-05    7.58577575029184e-05    0.000109647819614319    0.000158489319246111    0.000229086765276777    0.000331131121482591    0.000478630092322639    0.000691830970918936    0.00100000000000000    0.00144543977074593    0.00208929613085404    0.00301995172040202    0.00436515832240166    0.00630957344480193    0.00912010839355910    0.0131825673855641    0.0190546071796325    0.0275422870333817    0.0398107170553497    0.0575439937337157    0.0831763771102671    0.120226443461741    0.173780082874938    0.251188643150958    0.363078054770101    0.524807460249772    0.758577575029184    1.0

Coefs:
6.88870456694338e+19    -34300917477646.8    9662000    -16.1180956509583
7.75578805240202e+19    -25095408528539.8    7016251.41606539    -15.7496820360793
1.74028336997001e+19    -10114568132971.1    4749234.67478818    -15.3812684212002
7.01458708319879e+18    -5255754795991.16    3318786.98008856    -15.0128548063212
2.13342291967190e+18    -2424934139605.03    2285575.63368161    -14.6444411914421
7.35072881368558e+17    -1180456203359.41    1584538.08318001    -14.2760275765631
2.39075993861217e+17    -560671796468.413    1095187.97380244    -13.9076139616840
7.98202203039644e+16    -269300870158.205    758014.981536870    -13.5392003468050
2.63319511570594e+16    -128688617159.349    524313.970821913    -13.1707867319259
8.73430070553726e+15    -61639465755.6456    362769.587325883    -12.8023731170469
2.88993466164317e+15    -29492618656.6326    250964.827289071    -12.4339595021678
957289691556895    -14118215375.4371    173628.528682572    -12.0655458872888
316936632799335    -6756930462.51503    120120.554566591    -11.6971322724098
104955412388243    -3234173480.18658    83103.4481664335    -11.3287186575307
34752819381173.3    -1547950187.33561    57493.4355144540    -10.9603050426517
11507919107712.6    -740900473.186839    39775.7720826678    -10.5918914277726
3810603083540.36    -354616183.810043    27518.1006656326    -10.2234778128936
1261813367148.17    -169730212.444047    19037.8775724744    -9.85506419801451
417825056175.801    -81237935.7435198    13170.9922916961    -9.48665058313547
138354973070.208    -38882931.9438812    9112.10071166350    -9.11823696825642
45813623235.7193    -18610538.8450852    6304.03337929370    -8.74982335337737
15170318582.4864    -8907564.46352628    4361.32556609772    -8.38140973849833
5023364281.66060    -4263428.28396553    3017.30009058847    -8.01299612361928
1663392297.16863    -2040605.09886676    2087.46165447941    -7.64458250874023
550800949.422086    -976695.001246764    1444.17062214651    -7.27616889386118
182387337.215588    -467475.619845765    999.121964017027    -6.90775527898214
60394123.3470862    -223747.898816949    691.223518329713    -6.53934166410309
19998373.8204859    -107092.477526423    478.209837840472    -6.17092804922404
6622083.94713312    -51257.6823927073    330.840376405917    -5.80251443434499
2192778.08455170    -24533.4692586695    228.885618831329    -5.43410081946595
726097.066211483    -11742.4566556587    158.350159904437    -5.06568720458690
240433.335853225    -5620.29311332651    109.551544872179    -4.69727358970785
79614.9601408512    -2690.04141168245    75.7911516544866    -4.32885997482881
26362.9910385408    -1287.53476923171    52.4346660362201    -3.96044635994976
8729.60678817533    -616.252885464527    36.2759259136383    -3.59203274507071
2890.64448589028    -294.957175464450    25.0968090458180    -3.22361913019167
957.182350391486    -141.175380123194    17.3627497691395    -2.85520551531262
316.952865209401    -67.5707852236841    12.0120880305833    -2.48679190043357
104.952957580831    -32.3414111647897    8.31033452506881    -2.11837828555452
34.7531908380132    -15.4795726278928    5.74934680265119    -1.74996467067547
11.5078624193081    -7.40898922458763    3.97757618286203    -1.38155105579643
3.81061278576057    -3.54616535931630    2.75181038227226    -1.01313744091738
1.26180942630113    -1.69730093825344    1.90378769531361    -0.644723826038333
0.417831068684883    -0.812380935004972    1.31709907574219    -0.276310211159286

Interval: 1 100000

Breaks:
1    1.46779926762207    2.15443469003188    3.16227766016838    4.64158883361278    6.81292069057961    10    14.6779926762207    21.5443469003188    31.6227766016838    46.4158883361278    68.1292069057961    100    146.779926762207    215.443469003188    316.227766016838    464.158883361278    681.292069057962    1000    1467.79926762207    2154.43469003188    3162.27766016838    4641.58883361278    6812.92069057962    10000    14677.9926762207    21544.3469003188    31622.7766016838    46415.8883361278    68129.2069057961    100000

Coefs:
0.0717163679807429    -0.342825104104960    0.965040000000000    0
0.0717289403101249    -0.242178510851239    0.691375737367226    0.383764182165674
0.0154459057109616    -0.0944236171646866    0.460252793012969    0.767528364331349
0.00595212435450932    -0.0477224747001353    0.316991853594631    1.15129254649702
0.00172470057462148    -0.0213073425100668    0.214875273694755    1.53505672866270
0.000568639352915961    -0.0100726506058528    0.146738894970758    1.91882091082837
0.000176390598806819    -0.00463575445725085    0.0998620415195666    2.30258509299405
5.62855061833052e-05    -0.00216029266913338    0.0680701828350903    2.68634927515972
1.77244001956806e-05    -0.00100086399972167    0.0463645613888615    3.07011345732539
5.61595967285487e-06    -0.000464961635608593    0.0315913407687268    3.45387763949107
1.77429766337888e-06    -0.000215729078798574    0.0215218069739031    3.83764182165674
5.61321894100544e-07    -0.000100151407591483    0.0146629933429740    4.22140600382242
1.77470202566979e-07    -4.64820857531075e-05    0.00998966761590828    4.60517018598809
5.61262235268096e-08    -2.15759565174356e-05    0.00680591738291309    4.98893436815377
1.77479004515968e-08    -1.00144805575561e-05    0.00463680607240333    5.37269855031944
5.61249249044062e-09    -4.64835154610884e-06    0.00315902284660629    5.75646273248511
1.77480920474676e-09    -2.15756469051436e-06    0.00215221605316995    6.14022691465079
5.61246422355726e-10    -1.00145476062298e-06    0.00146628809606672    6.52399109681646
1.77481337346955e-10    -4.64833702570134e-07    0.000998970333798258    6.90775527898214
5.61245810994140e-11    -2.15756783687663e-07    0.000680590602776313    7.29151946114781
1.77481419650456e-11    -1.00145407335352e-07    0.000463680968403038    7.67528364331349
5.61245858796750e-12    -4.64833869979853e-08    0.000315902168814594    8.05904782547916
1.77481049872868e-12    -2.15756688989625e-08    0.000215221646972162    8.44281200764483
5.61254178873299e-13    -1.00145611710560e-08    0.000146628774052219    8.82657618981051
1.77463158733061e-13    -4.64827642861759e-09    9.98971477209080e-05    9.21034037197618
5.61637736943963e-14    -2.15776235806084e-09    6.80585481227522e-05    9.59410455414186
1.76641041569996e-14    -1.00084126381741e-09    4.63704568014169e-05    9.97786873630753
5.79258717574474e-15    -4.66761967865680e-10    3.15793208014029e-05    10.3616329184732
1.38872866217257e-15    -2.09690799898781e-10    2.15724794247893e-05    10.7453971006389
1.38876813275489e-15    -1.19229076353034e-10    1.44305373678378e-05    11.1291612828046
